-0.12345 -0.87443 0.65024 2.599 1.187 -0.187
-0.771817768071 .162222852463 .269262226115 2.219696768767 .185540240378 1.414013804163
-0.771802846647 .162230102091 .269345349011 2.014181354567 .632087004610 1.166790317556
-0.772011537500 .162369221202 .269337418448 1.851878446151 -0.132648859380 1.312524944069
-0.772038142852 .162375576877 .269477769380 2.567273735234 .543925734410 1.486477542642
-0.771953234882 .162246554079 .269305672524 2.457848223101 .028389501966 .887754751322
-0.772000027361 .162278744879 .269491379047 1.874915948580 .336036651461 1.886673074150
-0.771979701086 .162274032870 .269453001688 2.305322798390 -0.070114028791 1.513640412836
-0.771737771799 .162228065334 .269316745847 2.121555982666 .423772520415 1.288930285988
-0.771925467102 .162206041385 .269298256478 2.032715694287 .002519017142 1.371942120674
-0.771942526934 .162323608737 .269427232179 2.402274121954 .364859809038 1.457112044418
-0.771965994844 .162235399896 .269314713788 2.349338120465 .099058051994 1.148595132340
-0.771934931362 .162282909609 .269399723024 2.051502946549 .264953428769 1.666499885171
-0.827140141098 .162171377457 .269568606030 2.234978340526 .180129284719 1.385666265113
-0.715698545710 .161884233734 .269061896889 2.217806174533 .185323890137 1.416786172704
-0.774955476895 .055388546428 .269208398679 2.220165456394 .186187037876 1.413001503102
-0.770894779270 .268282165943 .269331194679 2.218307564807 .184784886083 1.415307480248
-0.771143569824 .152172852045 .305576837442 2.219859685262 .185095212763 1.412902219036