0.18670 -0.53683 0.49455 0.427 -1.753 -0.874
-0.18805 -0.57232 0.19653 -0.002 0.399 -5.387
-0.18818 -0.57225 0.19630 0.007 -0.062 0.632
-0.18844 -0.57228 0.19610 2.554 1.352 -4.564
-0.18807 -0.57198 0.19630 0.281 0.159 0.730
-0.18793 -0.57237 0.19633 0.189 -0.407 0.739
-0.18855 -0.57197 0.19589 1.473 -2.077 -4.849
-0.18981 -0.64264 0.19614 0.004 -0.074 0.957
-0.18844 -0.45636 0.19635 0.012 -0.061 0.500
-0.18812 -0.57927 0.19636 1.481 1.020 -5.172
-0.18803 -0.57173 0.19615 0.224 0.023 0.764
-0.18802 -0.57228 0.19639 0.083 -0.282 0.756
-0.18833 -0.57197 0.19590 0.592 -1.110 -5.365
-0.24221 -0.57223 0.19623 0.010 -0.081 0.756
-0.13390 -0.57150 0.19645 0.003 -0.063 0.758
-0.19236 -0.65369 0.19680 0.004 -0.064 0.757
-0.19089 -0.47498 0.19672 0.003 -0.064 0.758
-0.18804 -0.57971 0.23316 0.005 -0.062 0.759