-0.23323 -0.78007 0.20952 0.011 -0.063 -4.041
0.19412 -0.61663 0.46654 0.744 -1.720 1.753
0.19412 -0.61663 0.46654 0.904 -1.569 1.602
0.19412 -0.61663 0.46654 0.993 -1.473 1.506
0.19412 -0.61663 0.46654 0.555 -1.871 1.904
0.19412 -0.61663 0.46654 0.375 -1.993 2.025
0.19412 -0.61663 0.46654 1.077 -1.660 1.952
0.19412 -0.61663 0.46654 0.524 -1.724 1.580
0.19412 -0.61663 0.58893 0.765 -1.730 1.792
0.19412 -0.61663 0.58893 0.989 -1.521 1.572
0.19412 -0.61663 0.58893 1.121 -1.370 1.414
0.19412 -0.61663 0.58893 0.609 -1.850 1.920
0.19412 -0.61663 0.58893 0.409 -1.982 2.059
0.19412 -0.61663 0.58893 0.516 -1.745 1.630
0.19412 -0.61663 0.58893 0.940 -1.715 1.915
0.19412 -0.61663 0.33605 0.763 -1.735 1.802
0.19412 -0.61663 0.33605 0.933 -1.582 1.640
0.19412 -0.61663 0.33605 1.075 -1.431 1.480
0.19412 -0.61663 0.33605 0.581 -1.872 1.948
0.19412 -0.61663 0.33605 0.404 -1.986 2.069
0.19412 -0.61663 0.33605 0.553 -1.730 1.618
0.19412 -0.61663 0.33605 0.973 -1.690 1.902