-0.17221 -0.62177 0.18540 0.200 0.326 -5.529
0.091363260394 -0.377566487709  0.495804795464  0.577917035930 -1.789639513472 1.720046060588
0.106856757126 -0.386309531629  0.494055725743  0.746085806049 -1.807187443270 1.814581249313
0.122127408233 -0.386466045380  0.495775628909  0.922501835551 -1.767736336659 1.934579518928
0.202918519149 -0.387840699810  0.496232054055  0.304989876716 -1.771801019811 1.530467166072
0.192832018534 -0.402763790961  0.494383842604  0.219420062382 -1.773951487239 1.426948069484
0.091347064179 -0.377562444200  0.624175208695  0.505915845706 -1.839862677444 1.778279122132
0.053052404206 -0.381531652246  0.622813122541  0.673945453510 -1.862202798990 1.871951235940
0.007238582260 -0.388975759596  0.622817330790  0.852528452150 -1.857828344137 1.975332862890
0.085712315352 -0.393580289190  0.610097771475  0.317163152251 -1.882487899866 1.587839534959
0.136816533024 -0.401452754079  0.618728966707  0.194480566798 -1.854001379806 1.500668626876
0.091361376086 -0.377562196493  0.335404167149  0.577962598886 -1.789522097349 1.720044236051
0.024427332123 -0.381785651495  0.335248623768  0.822431443524 -1.780113512182 1.874775911787
0.006856097535 -0.397948769291  0.335131509894 1.021008313141 -1.757291434804 1.988362408857
0.111156738799 -0.386319293246  0.343202785790  0.397010611584 -1.802294843733 1.573932778686
0.139863497920 -0.401347898313  0.345462385306  0.226219229844 -1.781601118572 1.445253318859
0.091370522055 -0.377583343362  0.495843537967  0.822176511471 -1.590151565984 1.493667883083
0.091394350075 -0.384381883572  0.495741389770  0.403151544029 -1.905992856515 1.855893930433