0.18766 -0.92352 0.49390 0.409 -1.769 -0.894
-0.29340 -0.83436 0.22982 0.167 1.026 0.075
-0.293377126600 -0.834415019131 0.229708826701 0.317814489851 0.994536207257 0.342126970521
-0.293322017389 -0.834407278947 0.229818404688 0.031407428588 1.040244448256 -0.165647066578
-0.282499865296 -0.834959115993 0.228215012508 -0.059269897999 1.023922186488 -0.032083394975
-0.293252342181 -0.833871072821 0.229712595417 0.365853940782 1.119587316542 0.176054146884
-0.293455531162 -0.834393117151 0.229819069989 0.176895555822 0.797798993292 0.015405075899
-0.295811499690 -0.842222032741 0.226173171690 0.186372554031 1.201222440168 0.179461331493
-0.293245009827 -0.833851705024 0.229832986901 0.283216204582 0.995035519319 0.276207893557
-0.293391537313 -0.834377995785 0.229856211613 0.050599971719 1.039484044861 -0.132079816099
-0.293348803866 -0.959931080850 0.229723511329 -0.029597293790 1.009674652254 0.194648668129
-0.293158769453 -0.691091732589 0.229538627149 0.370465697728 1.034928323440 -0.039185600582
-0.293121738864 -0.837393934326 0.214410896757 0.165492567628 0.803370324656 0.058302280638
-0.293612701090 -0.834433394330 0.267097807617 0.163958687838 1.250468498514 0.092779159241
-0.349065990424 -0.834315907045 0.225558751863 0.170738154785 0.999595229568 0.069439000997
-0.232475446254 -0.833263650466 0.230013661827 0.166399274427 1.029615819150 0.074965141880
-0.296742611367 -0.902767742165 0.229717538913 0.166620164210 1.025449548156 0.076200912999
-0.293082189014 -0.761052750180 0.229746329424 0.166847862231 1.025161526263 0.075699724510
-0.293210957112 -0.839016964321 0.265608310424 0.168294749906 1.026147381844 0.074748287548