-0.29324 -0.50641 0.21616 0.167 1.026 0.075
0.126809451640 -0.362395955066 0.494371758315 0.574350913869 -1.801559366520 1.689339839092
0.126783418888 -0.362417869060 0.494389647894 0.395059610850 -1.957146207595 1.815428099726
0.126789537272 -0.362406869805 0.494362272019 0.294671849522 -2.034632866331 1.876980668177
0.126827375561 -0.362385179030 0.494336866166 0.581922024330 -1.794472400187 1.683589683404
0.126804056042 -0.362411855381 0.494341035246 0.672645240999 -1.705124622972 1.609991384450
0.126768140583 -0.362414931760 0.494338111886 0.763264032914 -1.794765038340 1.810929633065
0.126794787609 -0.362436207571 0.494331466632 0.476398727213 -1.799996884315 1.622316902627
0.126804649155 -0.362394416719 0.494363041096 0.520972712669 -1.682814696034 1.786163552653
0.126822458993 -0.362421200817 0.494391383405 0.594202559399 -1.844879519469 1.651427650667
0.126793220738 -0.362420670100 0.594300790119 0.574397525653 -1.801630577539 1.689199869840
0.126792691158 -0.362416126856 0.594380010507 0.335336647109 -2.004108226572 1.852803421824
0.126820946899 -0.362390781521 0.594357138385 0.156571121889 -2.131285057312 1.953092190190
0.126830454411 -0.362398816788 0.594286368007 0.750492251104 -1.622518674472 1.541475370882
0.126773266480 -0.362423185929 0.594292825845 0.442250191570 -1.737347626771 1.861209358575
0.126821099062 -0.362443123874 0.594256787470 0.530722606616 -1.961947888190 1.665440521217
0.126760667095 -0.362418002823 0.594258584313 0.422820290454 -1.797641464694 1.584505906023
0.126753063588 -0.362454597117 0.594250089536 0.782358769919 -1.793567014139 1.822619783358
0.126796516503 -0.362434177628 0.355473183528 0.574362429446 -1.801629385277 1.689209285900
0.126772395898 -0.362439692856 0.355453008544 0.360607064163 -1.984544449807 1.837238417702
0.126816746887 -0.362419374724 0.355451683518 0.652120178999 -1.726045341779 1.627416116765
0.126815321746 -0.362387826899 0.355443590756 0.539811110494 -1.724737443329 1.753082125236
0.126791574781 -0.362420055273 0.355439868768 0.597515484370 -1.852412018514 1.644487699212
0.126816329601 -0.362423850793 0.355475247415 0.580179428565 -1.729834782663 1.575625069552
0.126804204483 -0.362413869685 0.355415561953 0.813457606981 -1.710411977161 1.738534591437