-0.314790126470 -1.094054116950 0.204194039115 0.095514175897 3.136312513921 0.148166062855
-0.314806497783 -1.094054598085 0.204213953742 -0.499208739603 -3.086130332975 -0.146340833656
-0.314804759976 -1.094067553480 0.204163958070 -0.917348401132 -2.975348394862 -0.141827238845
-0.314802585125 -1.094053921505 0.204142280564 -0.307646994601 3.110527796954 0.146234530817
-0.314838403427 -1.094037490337 0.204135796832 -0.709769212795 3.031728236467 0.141933332229
-0.321770014388 -1.090983111548 0.204776802360 -0.087777518789 -3.058390788407 -0.192666780304
-0.305955560961 -1.098036402506 0.204304378944 0.099335837689 3.041157328761 0.082455537609
-0.314785453426 -1.094047235527 0.282200433475 0.095521089896 3.136309621980 0.148121969899
-0.314743218071 -1.094063439408 0.282200467136 -0.513112912284 -3.083360944107 -0.146349663637
-0.314753716617 -1.094062146375 0.282201623669 -0.934552261835 -2.969483921432 -0.141607474140
-0.314782203833 -1.094037453996 0.282215572790 -0.303441985614 3.111064427432 0.146333184759
-0.314729932494 -1.094063677826 0.282169564411 -0.714925116970 3.030347487881 0.141864380898
-0.305753820341 -1.098118400968 0.282351925375 0.099420807810 3.039502765913 0.081527319514
-0.321329123174 -1.091146745110 0.282750954272 -0.088194789188 -3.062708562908 -0.190237153340
-0.314735099102 -1.100626786698 0.150370424734 0.098641845984 3.133903353629 0.041195013076
-0.314786270757 -1.100624808804 0.150380945931 0.525839073062 3.094805567923 0.042088463790
-0.314765215410 -1.100627523832 0.150417365031 -0.927230902038 -2.999971139093 -0.042164913145
-0.314706146516 -1.100641944895 0.150338784268 -0.307600773367 3.116925037158 0.039584449755
-0.314741533857 -1.100621388533 0.150351493595 -0.698364106279 3.050011616177 0.037452442543
-0.302961996891 -1.105959043458 0.151239216529 0.096972324550 3.003776497863 -0.041564483621
-0.324022016782 -1.096452250396 0.150969917710 -0.093721865367 -3.042298793464 -0.104381531864